353 239 369 275
346 235 361 266
334 227 352 261
329 223 346 258
319 217 336 251
315 215 333 248
303 208 320 238
300 204 317 236
293 200 310 233
287 195 302 226
284 192 298 222
277 186 290 217
273 184 288 215
265 179 280 209
260 176 276 204
257 175 272 202
250 170 265 196
244 163 257 193
241 164 255 191
234 159 248 185
230 157 245 184
226 152 240 180
222 150 237 179
215 147 230 175
214 146 227 172
210 144 224 169
206 139 219 165
202 138 216 164
198 135 211 159
194 133 208 159
190 130 202 156
187 127 201 153
182 124 195 149
179 122 192 149
175 121 188 145
173 118 187 143
170 116 181 139
167 115 180 138
163 111 176 136
163 111 175 135
159 110 172 133
157 106 169 130
155 107 165 129
152 104 164 125
151 102 163 125
147 100 160 122
146 101 158 122
144 96 157 120
143 95 155 118
139 93 152 116
139 92 150 116
135 91 148 113
135 90 148 111
134 90 146 112
132 89 144 108
129 85 141 107
128 84 140 105
128 83 139 104
126 83 137 101
125 81 137 101
122 79 134 100
121 78 132 97
119 79 129 95
118 76 129 95
116 74 127 94
114 73 125 91
113 72 123 90
111 70 122 90
110 70 121 90
0 0 0 0
0 0 0 0
0 0 0 0
0 0 0 0
0 0 0 0
0 0 0 0
0 0 0 0
0 0 0 0
0 0 0 0
0 0 0 0
0 0 0 0
0 0 0 0
0 0 0 0
0 0 0 0
0 0 0 0
0 0 0 0
0 0 0 0
0 0 0 0
0 0 0 0
0 0 0 0
0 0 0 0
0 0 0 0
0 0 0 0
0 0 0 0
0 0 0 0
0 0 0 0
0 0 0 0
0 0 0 0
0 0 0 0
0 0 0 0
0 0 0 0
