99 51 126 71
99 51 126 71
103 53 126 73
103 53 126 73
101 53 128 73
102 55 128 74
102 55 128 74
103 54 129 73
103 54 129 73
104 56 130 77
104 56 130 77
104 56 132 75
104 56 132 75
104 56 131 75
103 56 129 76
103 56 129 76
105 57 132 78
105 57 132 78
106 58 132 78
106 58 132 78
106 58 130 77
108 59 134 78
108 59 134 78
107 59 132 79
106 60 134 78
106 60 134 78
109 61 140 83
109 61 140 83
110 61 140 81
110 61 140 81
112 63 142 83
112 63 142 83
113 63 140 82
111 62 140 84
111 62 140 84
0 0 0 0
0 0 0 0
0 0 0 0
0 0 0 0
0 0 0 0
0 0 0 0
0 0 0 0
0 0 0 0
0 0 0 0
0 0 0 0
0 0 0 0
0 0 0 0
0 0 0 0
0 0 0 0
0 0 0 0
0 0 0 0
0 0 0 0
0 0 0 0
0 0 0 0
0 0 0 0
0 0 0 0
0 0 0 0
0 0 0 0
0 0 0 0
0 0 0 0
0 0 0 0
0 0 0 0
0 0 0 0
0 0 0 0
0 0 0 0
0 0 0 0
0 0 0 0
0 0 0 0
0 0 0 0
0 0 0 0
0 0 0 0
0 0 0 0
0 0 0 0
0 0 0 0
0 0 0 0
0 0 0 0
0 0 0 0
0 0 0 0
0 0 0 0
0 0 0 0
0 0 0 0
0 0 0 0
0 0 0 0
0 0 0 0
0 0 0 0
0 0 0 0
0 0 0 0
0 0 0 0
0 0 0 0
0 0 0 0
0 0 0 0
0 0 0 0
0 0 0 0
0 0 0 0
0 0 0 0
0 0 0 0
0 0 0 0
0 0 0 0
0 0 0 0
0 0 0 0
0 0 0 0
0 0 0 0
0 0 0 0
0 0 0 0
0 0 0 0
0 0 0 0
0 0 0 0
0 0 0 0
146 92 180 120
146 92 180 120
145 93 181 118
147 95 180 119
147 95 180 119
150 96 184 123
150 96 184 123
148 95 183 124
148 95 183 124
148 95 181 122
152 99 188 126
152 99 188 126
153 98 189 129
153 98 189 129
154 98 188 129
152 99 189 129
152 99 189 129
156 100 191 132
156 100 191 132
159 103 194 134
159 103 194 134
157 103 193 134
158 105 197 135
158 105 197 135
161 106 198 138
161 106 198 138
163 107 201 137
163 107 201 137
164 107 198 137
165 109 202 140
165 109 202 140
166 110 203 143
166 110 203 143
169 112 206 147
169 112 206 147
170 112 204 145
170 112 204 145
170 112 208 146
170 112 208 146
171 114 208 146
171 114 208 146
174 116 214 151
174 116 214 151
174 116 215 150
174 116 215 150
174 117 216 151
172 120 217 153
172 120 217 153
176 120 220 154
176 120 220 154
178 120 219 157
180 122 223 158
180 122 223 158
183 122 223 159
183 122 223 159
186 123 226 159
186 123 226 159
185 124 228 161
189 126 230 163
189 126 230 163
189 126 230 162
194 127 232 163
194 127 232 163
194 129 235 165
194 129 235 165
196 132 239 167
196 132 239 167
197 130 236 164
200 132 239 164
200 132 239 164
201 134 242 171
201 134 242 171
202 132 240 166
206 133 246 173
206 133 246 173
201 133 249 176
201 133 249 176
202 135 249 180
202 135 249 180
202 136 252 181
202 136 252 181
202 136 254 181
202 136 254 181
0 0 0 0
0 0 0 0
226 156 258 188
226 156 258 188
230 152 260 189
230 152 260 189
227 149 262 193
227 149 262 193
228 148 262 194
229 151 263 194
229 151 263 194
237 155 267 198
237 155 267 198
236 154 267 204
236 154 267 204
238 157 270 202
239 157 273 205
239 157 273 205
242 160 277 207
242 160 277 207
244 162 279 211
244 162 279 211
242 162 282 212
246 165 283 217
246 165 283 217
244 164 285 216
244 167 286 217
244 167 286 217
248 171 291 220
248 171 291 220
250 171 292 220
249 174 295 225
249 174 295 225
253 176 296 227
253 176 296 227
257 178 305 230
257 178 305 230
258 179 305 230
262 181 305 234
262 181 305 234
262 186 312 237
262 186 312 237
263 186 312 238
265 187 316 237
265 187 316 237
269 192 321 243
269 192 321 243
271 194 325 245
271 194 325 245
275 196 329 254
275 196 329 254
274 196 328 252
280 202 331 259
280 202 331 259
283 203 337 268
283 203 337 266
284 203 337 265
289 207 342 273
289 207 342 274
