104 69 125 109
105 70 125 110
104 71 124 110
105 69 124 109
104 72 121 109
102 64 121 100
102 66 122 103
102 59 121 99
104 59 121 98
103 56 121 96
106 57 122 95
107 55 123 91
108 54 126 95
112 53 128 92
112 54 129 90
118 52 133 91
117 51 134 92
120 53 137 90
124 54 141 92
127 52 144 90
132 52 149 91
135 51 153 90
134 51 152 90
137 49 154 90
141 51 157 92
142 50 160 90
143 50 163 90
148 51 165 90
152 50 168 87
152 51 168 88
154 44 170 88
158 47 172 85
161 49 177 85
162 48 180 86
166 48 183 86
165 47 183 84
171 47 187 86
173 45 189 83
172 46 189 87
180 47 198 85
182 46 199 87
186 48 203 84
188 49 204 83
189 47 206 84
192 45 210 84
195 48 212 85
196 50 214 86
199 52 216 87
200 52 218 89
202 52 218 89
202 53 219 91
202 58 219 92
203 57 220 94
204 59 222 97
204 58 222 98
206 58 225 98
207 59 223 99
206 58 224 99
205 60 224 103
206 60 225 103
205 62 223 103
207 63 225 104
207 61 225 104
207 62 225 106
205 62 223 109
205 63 223 110
205 63 224 109
206 64 221 107
205 64 222 108
206 65 223 109
205 64 222 112
203 67 220 109
202 65 220 106
202 66 218 107
201 64 218 107
199 62 214 104
197 62 214 106
195 59 212 106
195 57 213 103
194 59 211 101
192 55 209 98
192 55 210 100
191 54 209 98
191 54 208 97
190 52 208 96
0 0 0 0
0 0 0 0
0 0 0 0
0 0 0 0
0 0 0 0
0 0 0 0
0 0 0 0
0 0 0 0
0 0 0 0
0 0 0 0
0 0 0 0
0 0 0 0
0 0 0 0
0 0 0 0
0 0 0 0
0 0 0 0
0 0 0 0
0 0 0 0
0 0 0 0
0 0 0 0
0 0 0 0
0 0 0 0
0 0 0 0
0 0 0 0
0 0 0 0
0 0 0 0
0 0 0 0
0 0 0 0
0 0 0 0
0 0 0 0
0 0 0 0
0 0 0 0
0 0 0 0
0 0 0 0
0 0 0 0
0 0 0 0
0 0 0 0
0 0 0 0
0 0 0 0
0 0 0 0
0 0 0 0
0 0 0 0
0 0 0 0
0 0 0 0
0 0 0 0
0 0 0 0
0 0 0 0
0 0 0 0
0 0 0 0
0 0 0 0
0 0 0 0
0 0 0 0
0 0 0 0
0 0 0 0
0 0 0 0
0 0 0 0
0 0 0 0
0 0 0 0
0 0 0 0
0 0 0 0
0 0 0 0
0 0 0 0
0 0 0 0
0 0 0 0
0 0 0 0
0 0 0 0
0 0 0 0
0 0 0 0
0 0 0 0
0 0 0 0
0 0 0 0
0 0 0 0
0 0 0 0
0 0 0 0
0 0 0 0
0 0 0 0
0 0 0 0
0 0 0 0
0 0 0 0
0 0 0 0
0 0 0 0
0 0 0 0
0 0 0 0
0 0 0 0
0 0 0 0
0 0 0 0
0 0 0 0
0 0 0 0
0 0 0 0
0 0 0 0
0 0 0 0
0 0 0 0
0 0 0 0
0 0 0 0
0 0 0 0
0 0 0 0
0 0 0 0
0 0 0 0
0 0 0 0
0 0 0 0
0 0 0 0
0 0 0 0
0 0 0 0
0 0 0 0
0 0 0 0
0 0 0 0
0 0 0 0
0 0 0 0
0 0 0 0
0 0 0 0
0 0 0 0
0 0 0 0
0 0 0 0
0 0 0 0
0 0 0 0
0 0 0 0
0 0 0 0
0 0 0 0
0 0 0 0
0 0 0 0
0 0 0 0
0 0 0 0
0 0 0 0
0 0 0 0
0 0 0 0
0 0 0 0
0 0 0 0
0 0 0 0
0 0 0 0
0 0 0 0
0 0 0 0
0 0 0 0
0 0 0 0
0 0 0 0
0 0 0 0
0 0 0 0
0 0 0 0
0 0 0 0
0 0 0 0
0 0 0 0
0 0 0 0
0 0 0 0
0 0 0 0
0 0 0 0
0 0 0 0
0 0 0 0
0 0 0 0
0 0 0 0
0 0 0 0
0 0 0 0
0 0 0 0
0 0 0 0
0 0 0 0
0 0 0 0
0 0 0 0
0 0 0 0
0 0 0 0
0 0 0 0
0 0 0 0
0 0 0 0
0 0 0 0
0 0 0 0
0 0 0 0
0 0 0 0
0 0 0 0
0 0 0 0
